480	555
478	556
467	579
469	570
500	570
461	580
475	560
479	568
471	570
470	563
478	580
473	555
480	556
475	579
460	570
469	570
468	580
467	560
465	568
480	570
472	563
475	580
479	555
471	556
475	579
480	570
478	570
467	580
469	560
500	568
461	570
475	563
479	580
471	555
470	556
478	579
473	570
480	570
475	580
460	560
469	568
468	570
467	563
465	580
480	600
472	580
475	574
479	558
471	564
475	570
480	574
478	579
467	578
469	571
500	575
461	575
475	575
479	576
471	579
470	580
478	574
473	572
480	572
475	578
460	570
469	568
468	569
467	564
465	575
480	571
472	580
475	574
479	558
471	564
475	570
480	574
478	579
467	578
469	571
500	575
461	575
475	575
479	576
471	579
470	580
478	574
473	572
480	572
475	578
460	570
469	568
468	569
467	564
465	575
480	571
472	568
475	569
479	564
471	575
475	571
481.556624836726	563.143917034896
508.506805093001	586.514725042373
516.714657438161	570.288887739961
400.519300502394	632.209776423960
481.894624478913	566.937563946169
438.243325329098	550.181952212789
503.253754554846	489.689054053184
431.359497000393	585.219497013852
440.264183372273	560.448606178999
516.088976676908	520.037737567201
497.157542912074	546.035991325992
454.350812780246	576.096498522089
495.673144530266	545.947312968440
463.934935530325	602.025952137239
442.713887311435	580.083723777813
486.577931977972	486.816797576272
493.543842258305	560.674422539518
510.911573606512	612.001147417705
419.030864068438	548.196448627944
423.940573618513	564.515546255936
451.048646172014	546.782580476174
491.399030521442	651.437081388662
544.049301258342	585.888030436614
452.503787521233	575.433407591515
485.267359949284	617.785097148261
505.886167523934	598.679235845240
494.524413714042	570.911787450325
516.738887602469	569.050785966690
524.487268302575	607.914617991691
564.851366620108	622.896724493788
448.227099457489	552.111138797686
450.512062507270	603.072992444934
436.530080023874	589.209545288312
612.515052628437	614.072310297658
481.080302882202	592.163174937002
524.655130624579	543.523600346112
401.041948074293	564.969900895430
442.735549836738	527.435115087064
489.019309905308	653.603354561743
470.369063891954	538.897385783983
496.663268403071	593.698248442570
455.314911092955	521.761893022765
519.718934852916	577.214009570257
399.591669076431	513.585782969191
516.421350211243	663.728504197984
476.671895695817	590.241224518665
459.871960733258	685.883858358855
442.219099517949	449.861603519349
547.192770751822	607.656137787438
501.105590103256	609.552987948868
452.611444759468	550.563726195729
463.636224597941	577.526986091950
371.877342577249	643.496623983095
402.659604735040	522.526461039505
506.714861733568	567.303914366776
424.953091326240	600.226278982911
541.619686797106	573.695936310696
484.220673827596	594.802997384509
544.477554447455	584.373573413584
471.053813681017	558.886606788234
435.790780351881	597.102674995622
478.620256159909	625.396765904900
458.689789251782	501.108676986765
452.063033233297	499.922446632599
445.095624091792	593.191471092171
466.144412002227	621.341561729469
477.199739291645	599.620046415970
417.393182062420	544.354071203200
444.956466385765	557.583256917014
500.264174649317	577.980200897578
547.670254998147	576.080948406421
466.989174706954	612.100855616703
519.559810544566	586.738149347972
520.748251516779	497.388642606952
452.176446447279	572.055870381441
442.881319194553	607.268441891615
497.337555680830	652.650336143985
497.824983318947	540.629023113152
459.272216984636	544.824878953034
502.418263032306	592.826449481457
470.779805321009	604.102077441306
440.863846165755	599.037665834266
479.959864199911	660.092741831402
456.623313715120	504.795959023238
381.804701477309	574.637637370948
467.789719072870	610.062085805501
466.546789691749	614.507431958421
513.257374385511	508.094351583766
484.087440227540	596.188089023528
477.977014643414	529.340140057333
456.042983111269	551.193848175155
488.487537452134	541.465385993674
466.523932796779	534.037846699163
500.441257669891	608.516824083922
438.973069376625	585.537825276090
477.763073893397	624.346733108840
487.799555965188	596.560690023863
570.045891995960	536.911259081052
533.167287748569	572.194584253389
461.830030399681	580.556649679375
519.354151188118	601.800763813631
482.244442207246	512.788263472120
437.109240873783	599.536078119316
479.336876133049	513.934257050135
446.389900159255	546.885863633738
478.741188503066	590.082187806084
432.646194314421	589.958865468221
495.866959561351	663.834879441275
452.472670060306	553.331155230396
487.016436103741	575.816112108014
520.732484591026	560.929462472050
505.989036087008	560.660166522824
477.238220389822	538.434507642000
487.969388010428	639.619432285300
481.450162871530	603.410022497360
442.155224341019	570.738105293376
514.169105207628	589.512064206286
370.273507066977	618.630055835589
489.311246085199	586.764174984819
457.280376582312	540.854645764543
479.720202116862	537.445754710363
498.741876632673	545.593268024781
404.181867113536	557.072352180452
429.616977108864	510.638376047268
480.020655143580	596.610387340806
519.937559862945	542.792254496630
513.846151808312	594.057605691023
433.515731135991	658.900487033574
495.747794871019	569.204718827694
520.200591437759	497.572686465834
470.036064328770	616.550265310154
499.581997962469	598.122766169804
457.783669315402	548.777403904392
455.530305624473	541.898796356516
423.333211604145	601.046786164325
451.716396404542	521.506073020860
442.280275952047	631.836626524349
460.250509451020	587.217321254753
477.268118689061	577.006050404905
534.925400366311	580.715248157496
450.961069708674	616.063769039348
459.883437600318	530.020612858437
490.968783338079	544.180514869922
496.834198956994	515.437719021203
467.839799608529	593.921675433872
504.725134613493	584.317836199212
473.268970523352	547.041424004155
429.415998062686	609.836152757334
510.130323103463	546.532721932388
396.305570792376	602.893368560881
454.749928277706	634.354124414632
506.762196658787	519.452510268633
399.730418949744	634.330663026780
491.246587764055	606.480016704852
558.532689414362	520.165799965656
446.816426613315	549.288109642056
427.031880376774	573.812557888327
435.890830082537	615.337388476638
472.504959873629	595.131233502853
494.462600889695	594.274298201394
491.198039621949	555.424070233572
458.787558072324	634.908244791300
444.919234458771	533.105698852780
508.135101786414	649.338372029907
505.574709636645	556.444018044429
431.947576909027	645.432304206061
488.913887956951	595.774831074186
472.008116197210	548.141704871091
408.590877245896	569.320560304788
483.217895172785	600.459606996283
476.829584589357	572.142312493841
521.563949431158	499.458986196732
418.096697082007	541.633039538240
459.284298751436	582.174166616882
479.806106001320	567.606148257582
501.108719842923	585.795665335081
495.886567165768	527.493086654692
492.122759502434	587.329151897063
503.352602729229	536.575978751769
502.240410555538	550.431268829842
450.542983178846	587.301673712097
525.389090960477	581.500945780121
540.607456323187	547.491496038392
473.880976848723	607.013378633639
504.015557723013	586.850450889869
532.884818610809	540.328610000342
427.801653484185	604.291736172132
519.171804992575	503.585608897422
519.198716054298	580.183526557108
487.769050022073	560.358264648020
529.626078046284	595.768486050853
489.214242916464	655.117512950157
510.665721551187	613.163420167165
445.351322090220	560.839978938512
463.396343973937	528.130178046387
458.400579960337	531.896417364087
419.568284440451	536.736609633094
445.169813519541	548.618502897933
556.173456694789	662.786254393895
494.876730153669	628.318004100635
422.288096027558	623.187252922502
477.495095837463	607.404513141253
527.475580059016	558.317594773815
430.273282554616	604.859201539104
506.411548034858	615.561619870766
453.606466262170	552.187522390985
434.462597508420	573.556559524185
473.559503343769	567.967023990554
571.245534010376	482.819095021788
528.329166520142	553.327950505825
491.799708104337	591.072890944550
417.600096915235	562.712793195216
467.919799536981	602.916180089391
486.003724664978	532.197052471682
474.758798193638	533.143622206978
461.788564872571	508.212075384635
499.617292765625	548.641952695885
472.967826993272	538.577872225581
437.658943904435	633.838168293851
472.033513427881	544.460678080783
473.733345781375	625.314673857571
521.429952322188	619.226568212247
476.839241316860	552.220168222240
423.432143596678	502.461565654357
433.135145014095	622.269676378301
596.806262290185	565.096185347277
503.675493086634	506.662774792077
460.556885776910	587.802772431408
401.880645321893	563.589124124440
479.027310945828	537.690676203893
444.559858264162	513.851444705436
454.512218217400	536.219931107682
450.621155116641	652.594495998358
474.068209177866	581.642897041067
508.708836835437	559.552429062133
475.480303408071	612.293296794263
530.272213792727	568.098077025920
419.313573881414	551.203390998361
575.912030929082	558.466707926237
410.774807706039	546.837184734005
442.563663290571	496.354252751712
490.216859882102	568.093427031393
440.774487031854	593.545008045714
356.222055403334	649.790493898151
457.366572896745	687.595423805653
419.655189275650	580.498684350109
413.218489124702	546.638979800852
512.688452827462	544.293210347322
463.297529122064	598.114293198183
502.546811263210	507.379775362727
470.390708853928	537.517424512482
494.898188450591	584.283133635449
497.619688762819	578.809101770042
503.058850222530	583.295044270777
455.471821721589	561.324996548710
463.595218036231	516.768992002629
419.654004277549	586.209665741692
452.406424809489	590.838465767763
488.622390661266	582.254681512067
380.397125237279	622.679717005665
452.381831159947	617.955013157435
480.443669061885	613.463536344282
513.759699735003	577.317722649681
491.165370172535	576.722986675090
443.916710715363	537.702879430735
455.830625006075	550.242317648663
437.782842930477	594.590337830784
507.380828917716	516.456040381745
391.055813400129	588.530474590429
409.133037861095	565.651374122990
460.797256972854	592.057969324997
428.170471727592	599.948328708295
463.855817633324	489.424317935347
538.098515583938	557.217180482674
456.869698749489	560.199887381365
486.878807927697	572.396649232339
466.679469434818	622.330005591184
390.420362233285	606.109631011221
473.125243909759	537.921641343624
516.792612025321	578.475565834222
506.981946338780	549.293388850237
504.850060597368	569.381409313711
504.433536913440	609.579519357390
509.973898091042	597.380372881715
480.625989971226	537.546428886484
472.005567266005	488.310468499989
482.524163106018	603.723725041300
433.564971194482	571.643624285348
519.152841566871	666.362359673185
435.388358254761	490.006021779435
478.928248169808	573.923538723943
441.645454901098	517.277920886767
466.376199135347	552.685227524921
446.261154165307	608.873153962210
519.892724053982	601.427500977873
474.150188940194	629.221525017876
518.919237286813	563.351346369422
521.273818375589	565.426815821663
480.389788250136	605.176369976354
506.732332942079	628.601199454547
464.745404250512	591.548054000488
465.102128888603	639.406656444395
494.240269574346	543.596866523491
464.283818846770	582.799746236126
547.667093398159	619.305174629107
398.028177023064	640.908128171105
417.758958025996	612.233235367176
493.045716647613	545.098845850089
454.184670766326	524.631285352918
519.728275788571	578.425377160076
478.659981818187	579.739180132462
558.985886489905	559.064666613315
476.512891138204	526.389154183906
482.734261096569	649.753750798367
492.387785502241	581.723816259668
479.362613274899	590.325663121280
469.820638995888	537.285401708085
582.453147487092	534.366433187264
511.280569932536	596.708993598915
461.911660769990	574.888100239411
523.995153217918	638.717181369905
451.671884998400	564.060036450404
531.043267189236	516.394282481711
455.648973544264	514.710831039213
400.658686842836	560.679526321642
464.403347886168	539.601512971302
535.041327830351	552.701621921899
443.518313019597	525.981995578737
422.399330853011	636.302320126188
543.180969749399	570.183142501146
423.829953076326	520.217203394475
506.742734683790	517.422495624623
425.986269353543	598.768538441959
487.366496378028	584.389944888449
502.907029482222	544.614192125720
435.961859374538	661.888967932204
488.699584112237	592.636339159896
463.530028520403	586.137945098652
470.395431690014	603.446500711180
487.164619046679	614.631295608256
481.663120036679	531.736792694088
436.023134400409	572.117561610336
477.446111864585	584.913176343536
466.126119234867	634.034889056660
491.479114263358	558.819725334673
476.453816631933	624.303966753428
493.507055245744	475.177662739900
413.786600325769	562.662451124423
450.408810504207	541.717378900992
521.649453480997	530.120236311682
464.361017190624	592.239676551717
447.040460691824	547.437720371942
465.091117623621	606.113565511716
466.122261515330	643.809658828929
487.290370769880	646.126479038356
443.721224376011	608.754339732111
431.294378420474	587.041498447710
398.067972061526	570.625781313505
432.770139233134	614.755695468699
434.488538280043	534.859975701545
456.888748176057	579.484220204473
533.927070559136	620.306474716327
499.486323923237	594.435085585064
473.185113657076	587.966952731571
424.572888345177	547.393804305263
426.611831852883	535.836939413461
464.746765432898	642.570763935208
499.718446920434	542.142879918349
380.540859352354	601.687606968832
489.536128282578	568.120363645479
411.791336682287	544.498291782811
443.840536557968	658.540809758192
393.045526883446	510.988232687814
491.799357358020	569.763350755506
493.310692363707	600.076294636717
509.125038893130	509.104572528859
461.046169893904	622.533253971490
510.561626092616	499.577929644988
410.827618584266	557.497785145770
465.596816363805	539.164633349464
447.578272206130	612.980416017454
471.831297444072	528.918797425185
481.294415777772	489.683541814607
488.574007283924	561.692605336132
494.206463776532	646.326304508345
475.365530660298	522.651312475649
474.188182831522	492.959196229957
551.417208572608	597.349153914927
438.338694442782	595.260520359879
451.216378487918	539.272798393236
477.951886949795	520.570084201712
464.909705037877	591.684110422895
522.858147713835	542.443625436061
446.468900901326	564.095178706784
461.310483144266	600.918876929875
435.265122392929	579.831303401362
523.664341593665	542.566715593753
490.715132786669	506.118126617888
473.540843639302	590.301715377450
526.265718216616	526.580637291038
